year,abbr,electoral_votes,D_pct_raw,R_pct_raw,D_votes,R_votes,D_pct,R_pct,pres_margin,national_margin,relative_margin,relative_margin_delta
1976,ME-01,1,,,123598,127019,0.493175,0.506825,-0.013650,0.022747,-0.036397,0
1980,ME-01,1,,,117613,126274,0.482244,0.517756,-0.035512,-0.103151,0.067639,0.104036
1984,ME-01,1,,,117450,175472,0.400960,0.599040,-0.198080,-0.182467,-0.015613,-0.083252
1988,ME-01,1,,,131078,169292,0.436388,0.563612,-0.127223,-0.076649,-0.050574,-0.034961
1992,ME-01,1,,,145191,115697,0.556526,0.443474,0.113052,0.070701,0.042351,0.092925
1996,ME-01,1,,,165053,100851,0.620724,0.379276,0.241448,0.094868,0.146580,0.104228
2000,ME-01,1,,,176293,148618,0.542589,0.457411,0.085177,0.001493,0.083685,-0.062895
2004,ME-01,1,,,211703,165824,0.560763,0.439237,0.121525,-0.025928,0.147453,0.063769
2008,ME-01,1,,,232145,144604,0.616179,0.383821,0.232359,0.074600,0.157759,0.010306
2012,ME-01,1,,,221952,142573,0.608880,0.391120,0.217760,0.039218,0.178542,0.020783
2016,ME-01,1,,,210979,154127,0.577857,0.422143,0.155714,0.021495,0.134219,-0.044323
2020,ME-01,1,,,266376,164045,0.618873,0.381127,0.237746,0.045360,0.192387,0.058168
2024,ME-01,1,,,258863,165214,0.610415,0.389585,0.220830,-0.014997,0.235827,0.043440
1976,ME-02,1,,,108681,109301,0.498578,0.501422,-0.002844,0.022747,-0.025591,0
1980,ME-02,1,,,103361,112248,0.479391,0.520609,-0.041218,-0.103151,0.061933,0.087524
1984,ME-02,1,,,97065,161028,0.376085,0.623915,-0.247829,-0.182467,-0.065362,-0.127295
1988,ME-02,1,,,112491,137839,0.449371,0.550629,-0.101258,-0.076649,-0.024609,0.040753
1992,ME-02,1,,,118229,90807,0.565592,0.434408,0.131183,0.070701,0.060482,0.085091
1996,ME-02,1,,,147735,85527,0.633344,0.366656,0.266687,0.094868,0.171819,0.111337
2000,ME-02,1,,,143658,137998,0.510048,0.489952,0.020095,0.001493,0.018603,-0.153216
2004,ME-02,1,,,185139,164377,0.529701,0.470299,0.059402,-0.025928,0.085330,0.066727
2008,ME-02,1,,,189778,150669,0.557438,0.442562,0.114875,0.074600,0.040276,-0.045055
2012,ME-02,1,,,177283,148845,0.543599,0.456401,0.087199,0.039218,0.047981,0.007705
2016,ME-02,1,,,143739,180818,0.442878,0.557122,-0.114245,0.021495,-0.135740,-0.183721
2020,ME-02,1,,,168696,196692,0.461690,0.538310,-0.076620,0.045360,-0.121980,0.013760
2024,ME-02,1,,,176789,212763,0.453826,0.546174,-0.092347,-0.014997,-0.077350,0.044629
1976,ME-AL,2,49.568821,50.431179,232279,236320,0.495688,0.504312,-0.008624,0.022747,-0.031371,0
1980,ME-AL,2,48.090517,51.909483,220974,238522,0.480905,0.519095,-0.038190,-0.103151,0.064962,0.096332
1984,ME-AL,2,38.930882,61.069118,214515,336500,0.389309,0.610691,-0.221382,-0.182467,-0.038915,-0.103877
1988,ME-AL,2,44.228981,55.771019,243569,307131,0.442290,0.557710,-0.115420,-0.076649,-0.038771,0.000144
1992,ME-AL,2,56.055873,43.944127,263420,206504,0.560559,0.439441,0.121117,0.070701,0.050416,0.089188
1996,ME-AL,2,62.662120,37.337880,312788,186378,0.626621,0.373379,0.253242,0.094868,0.158374,0.107958
2000,ME-AL,2,52.747842,47.252158,319951,286616,0.527478,0.472522,0.054957,0.001493,0.053464,-0.104910
2004,ME-AL,2,54.583016,45.416984,396842,330201,0.545830,0.454170,0.091660,-0.025928,0.117588,0.064124
2008,ME-AL,2,58.829525,41.170475,421923,295273,0.588295,0.411705,0.176590,0.074600,0.101991,-0.015598
2012,ME-AL,2,57.805439,42.194561,399235,291418,0.578054,0.421946,0.156109,0.039218,0.116890,0.014900
2016,ME-AL,2,51.433526,48.566474,354718,334945,0.514335,0.485665,0.028671,0.021495,0.007175,-0.109715
2020,ME-AL,2,54.670405,45.329595,435072,360737,0.546704,0.453296,0.093408,0.045360,0.048048,0.040873
2024,ME-AL,2,53.544306,46.455694,435652,377977,0.535443,0.464557,0.070886,-0.014997,0.085883,0.037834
1976,NE-01,1,,,81590,116030,0.412863,0.587137,-0.174274,0.022747,-0.197021,0
1980,NE-01,1,,,59729,133971,0.308358,0.691642,-0.383283,-0.103151,-0.280132,-0.083111
1984,NE-01,1,,,69923,144198,0.326558,0.673442,-0.346883,-0.182467,-0.164416,0.115716
1988,NE-01,1,,,96134,123674,0.437354,0.562646,-0.125291,-0.076649,-0.048642,0.115774
1992,NE-01,1,,,80938,107360,0.429840,0.570160,-0.140320,0.070701,-0.211021,-0.162379
1996,NE-01,1,,,87712,114563,0.433627,0.566373,-0.132745,0.094868,-0.227614,-0.016592
2000,NE-01,1,,,86773,142161,0.379031,0.620969,-0.241939,0.001493,-0.243431,-0.015818
2000,NE-01,1,,,86773,142161,0.379031,0.620969,-0.241939,0.001493,-0.243431,0.000000
2004,NE-01,1,,,96314,169888,0.361808,0.638192,-0.276384,-0.025928,-0.250456,-0.007025
2008,NE-01,1,,,121411,148179,0.450354,0.549646,-0.099292,0.074600,-0.173891,0.076565
2012,NE-01,1,,,108082,152021,0.415535,0.584465,-0.168929,0.039218,-0.208148,-0.034256
2016,NE-01,1,,,100126,158626,0.386957,0.613043,-0.226085,0.021495,-0.247580,-0.039433
2020,NE-01,1,,,132261,180290,0.423166,0.576834,-0.153668,0.045360,-0.199027,0.048553
2024,NE-01,1,,,136153,177666,0.433858,0.566142,-0.132283,-0.014997,-0.117287,0.081741
1976,NE-02,1,,,75884,114991,0.397559,0.602441,-0.204883,0.022747,-0.227630,0
1980,NE-02,1,,,61448,124810,0.329908,0.670092,-0.340184,-0.103151,-0.237033,-0.009403
1984,NE-02,1,,,70238,144901,0.326477,0.673523,-0.347045,-0.182467,-0.164578,0.072454
1988,NE-02,1,,,94071,130193,0.419465,0.580535,-0.161069,-0.076649,-0.084420,0.080158
1992,NE-02,1,,,78816,115380,0.405858,0.594142,-0.188284,0.070701,-0.258985,-0.174565
1996,NE-02,1,,,84667,116889,0.420067,0.579933,-0.159866,0.094868,-0.254735,0.004250
2000,NE-02,1,,,89148,131886,0.403323,0.596677,-0.193355,0.001493,-0.194847,0.059887
2000,NE-02,1,,,89148,131886,0.403323,0.596677,-0.193355,0.001493,-0.194847,0.000000
2004,NE-02,1,,,97858,153041,0.390029,0.609971,-0.219941,-0.025928,-0.194013,0.000834
2008,NE-02,1,,,138809,135439,0.506144,0.493856,0.012288,0.074600,-0.062312,0.131701
2012,NE-02,1,,,121889,140976,0.463694,0.536306,-0.072611,0.039218,-0.111830,-0.049518
2016,NE-02,1,,,131030,137564,0.487837,0.512163,-0.024327,0.021495,-0.045822,0.066008
2020,NE-02,1,,,176468,154377,0.533386,0.466614,0.066771,0.045360,0.021412,0.067233
2024,NE-02,1,,,163541,148905,0.523422,0.476578,0.046843,-0.014997,0.061840,0.040428
1976,NE-03,1,,,75813,128198,0.371612,0.628388,-0.256775,0.022747,-0.279522,0
1980,NE-03,1,,,45247,160433,0.219987,0.780013,-0.560025,-0.103151,-0.456874,-0.177352
1984,NE-03,1,,,47705,170955,0.218170,0.781830,-0.563660,-0.182467,-0.381193,0.075681
1988,NE-03,1,,,69030,144089,0.323904,0.676096,-0.352193,-0.076649,-0.275544,0.105650
1992,NE-03,1,,,57590,121606,0.321380,0.678620,-0.357240,0.070701,-0.427941,-0.152397
1996,NE-03,1,,,64382,132015,0.327816,0.672184,-0.344369,0.094868,-0.439237,-0.011296
2000,NE-03,1,,,55859,159815,0.258997,0.741003,-0.482005,0.001493,-0.483498,-0.044261
2004,NE-03,1,,,60156,189885,0.240585,0.759415,-0.518831,-0.025928,-0.492903,-0.009405
2008,NE-03,1,,,73099,169361,0.301489,0.698511,-0.397022,0.074600,-0.471622,0.021281
2012,NE-03,1,,,72110,182067,0.283700,0.716300,-0.432600,0.039218,-0.471818,-0.000197
2016,NE-03,1,,,53290,199657,0.210677,0.789323,-0.578647,0.021495,-0.600142,-0.128323
2020,NE-03,1,,,65854,222179,0.228634,0.771366,-0.542733,0.045360,-0.588093,0.012049
2024,NE-03,1,,,70301,238245,0.227846,0.772154,-0.544308,-0.014997,-0.529311,0.058782
1976,NE-AL,2,39.372935,60.627065,233287,359219,0.393729,0.606271,-0.212541,0.022747,-0.235288,0
1980,NE-AL,2,28.417555,71.582445,166424,419214,0.284176,0.715824,-0.431649,-0.103151,-0.328498,-0.093209
1984,NE-AL,2,28.995246,71.004754,187866,460054,0.289952,0.710048,-0.420095,-0.182467,-0.237628,0.090870
1988,NE-AL,2,39.445915,60.554085,259235,397956,0.394459,0.605541,-0.211082,-0.076649,-0.134433,0.103195
1992,NE-AL,2,38.694654,61.305346,217344,344346,0.386947,0.613053,-0.226107,0.070701,-0.296808,-0.162375
1996,NE-AL,2,39.445177,60.554823,236761,363467,0.394452,0.605548,-0.211096,0.094868,-0.305965,-0.009157
2000,NE-AL,2,36.545119,63.454881,407701,707909,0.365451,0.634549,-0.269098,0.001493,-0.270590,0.035375
2004,NE-AL,2,33.152663,66.847337,254328,512814,0.331527,0.668473,-0.336947,-0.025928,-0.311019,-0.040428
2008,NE-AL,2,42.390926,57.609074,333319,452979,0.423909,0.576091,-0.152181,0.074600,-0.226781,0.084237
2012,NE-AL,2,38.870610,61.129390,302081,475064,0.388706,0.611294,-0.222588,0.039218,-0.261806,-0.035025
2016,NE-AL,2,36.453742,63.546258,284446,495847,0.364537,0.635463,-0.270925,0.021495,-0.292420,-0.030614
2020,NE-AL,2,40.215948,59.784052,374583,556846,0.402159,0.597841,-0.195681,0.045360,-0.241041,0.051379
2024,NE-AL,2,39.579658,60.420342,369995,564816,0.395797,0.604203,-0.208407,-0.014997,-0.193410,0.047631
